2276072577093344144759489101587794740543956923406513235017249485312182256620379054691648041393022029

9521651023449965519405564118547355094880066777565423238991085675906554459642294029683201863865856036

11797723600543309664165053220135149835424023700971936474008335161218736716262673084374849905258878065

-7245578446356621374646075016959560354336109854158910003973836190594372203021914974991553822472834007

0

-12215084315619898604532660932331325968128262784911306772930422895876562149423450895291459603552645985

21671968783127240821796816971111760402513874809888705184873810846438545969124389498972176970522412403049037962956143277088661222529631596780450613651520753723938645189829200024916181840565999090617044

5180506376196337025229895938669573990420768010107899501079163281360171419362512301763971259980991503405057282985950082488724369791928778453323844023126566528022961060923558267164646009856693279276841

90661838212365775825527900851170952925562458366771351343453934072867164281914001402721961255584309278893171709831241400100174081658743818257791004464740848519859931567914212582597771519696811077633296

1252221867289695551713934731480734828268202153377605165997697680600657762057821002693541827260887941003281604819427333118298986995203831908170585820679798019550773186884684401462428615546484301354300052493277959100557684853950384303381622860344094258887457751522636502119823630012986035363344792931201991275975280867788446342181777214631705163180224610110827416618329632464699997642528903354097649410992381870737041137640205217444849149604688939473896916676863946979138729667881730281918203198101592345

